WARNING: nways has no sense in indirect topologies
         Setting nways to 1!!!
WARNING: Using dragonfly without a VC management
         Setting vc_management to DUMMY.  Deadlocks are likely to appear!!!
WARNING: Using global congestion control with neither TORUS nor MESH topology
         Setting update_period to 1 cycles!!!
WARNING: Output files undefined. Using fsin.50130.out as default!!!
      clock, injload, accload,  avgdel,  stddel, maxdel, avginjdel, stdinjdel, maxinjdel, inj. limit, cur. occup.

       1000, 0.05638, 0.05588,   17.06,   13.31,     84,    3.9932,   11.5539,        55,       1008,          4
       2000, 0.05543, 0.05506,   16.76,   12.72,     84,    4.0619,   11.8528,        55,       1008,          5
       3000, 0.05352, 0.05348,   16.01,   11.78,     84,    3.1590,   10.5501,        55,       1008,          2
       4000, 0.05400, 0.05389,   15.59,   11.06,     84,    2.7998,    9.9176,        55,       1008,          2
       5000, 0.05299, 0.05281,   15.40,   10.71,     84,    2.6312,    9.6104,        55,       1008,          4
       6000, 0.05232, 0.05208,   15.30,   10.39,     84,    2.5928,    9.4354,        55,       1008,          4
       7000, 0.05505, 0.05605,   17.72,   13.76,     76,    4.7993,   12.8133,        55,       1008,          4
       8000, 0.05276, 0.05257,   16.27,   11.97,     81,    3.4549,   10.7550,        55,       1008,          3
       9000, 0.05314, 0.05376,   18.87,   15.57,     92,    5.0143,   12.7888,        55,       1008,          1
      10000, 0.06038, 0.06002,   16.90,   12.88,     86,    3.5962,   11.1877,        55,       1008,          3
      11000, 0.06343, 0.06112,   18.32,   15.09,     84,    4.6817,   12.1814,        55,       1008,          8
      12000, 0.04305, 0.04548,   16.14,   12.26,     82,    2.9425,   10.5384,        55,       1008,          3
      13000, 0.05524, 0.05514,   14.41,    8.88,     80,    1.6172,    7.5808,        55,       1008,          2
      14000, 0.05238, 0.05195,   17.20,   14.36,    105,    3.4800,   11.0643,        55,       1008,          2
      15000, 0.05543, 0.05521,   15.01,    8.50,     74,    2.0928,    8.2082,        55,       1008,          5
      16000, 0.05124, 0.05190,   17.41,   13.81,     84,    4.7509,   12.7371,        55,       1008,          4
      17000, 0.05029, 0.04986,   14.95,    9.90,     76,    2.1326,    8.5816,        55,       1008,          4
      18000, 0.05638, 0.05679,   17.56,   14.00,     83,    4.0642,   11.8072,        55,       1008,          3
      19000, 0.05181, 0.05152,   14.49,    8.95,     84,    1.7684,    7.8238,        55,       1008,          5
      20000, 0.05352, 0.05388,   15.60,   10.97,     76,    3.3416,   10.7197,        55,       1008,          3
      21000, 0.05238, 0.05224,   16.41,   12.87,     79,    3.4727,   11.0761,        55,       1008,          2
      22000, 0.04990, 0.05029,   13.44,    5.99,     67,    1.0802,    5.7527,        55,       1008,          1
      23000, 0.05029, 0.04960,   15.23,    9.97,     73,    2.6326,    9.5872,        55,       1008,          4
      24000, 0.05010, 0.05081,   14.45,    9.47,    101,    1.2205,    6.5140,        55,       1008,          0
      25000, 0.05200, 0.05112,   14.28,    8.37,     76,    1.8681,    7.8971,        55,       1008,          6
      26000, 0.04914, 0.04967,   15.32,   10.80,     83,    1.9612,    8.2612,        55,       1008,          2
      27000, 0.05771, 0.05729,   18.50,   16.18,    100,    4.7756,   12.7371,        55,       1008,          6
      28000, 0.05848, 0.05779,   19.58,   15.84,     88,    5.8306,   13.7602,        55,       1008,          6
      29000, 0.04914, 0.04986,   18.01,   15.39,     84,    4.4806,   12.6162,        55,       1008,          4
      30000, 0.06229, 0.06219,   18.22,   14.56,     95,    4.5596,   12.4189,        55,       1008,          5

**********************************************
*        Convergency timeout reached.        *
*         Continue without converge!         *
**********************************************

      31000, 0.04686, 0.04745,   14.08,    9.23,     88,    1.2114,    6.7929,        55,       1008,          3
Batch 0, 1000, 4.782258, 0.046857, 0.047452, 246.000000, 248.000000, 0.000000, 14.076613, 9.229758, 88, 1.201613, 6.766170, 55

      32000, 0.05524, 0.05407,   15.80,   11.82,     84,    2.5517,    9.3034,        55,       1008,          7
Batch 1, 1000, 4.922535, 0.055238, 0.054071, 290.000000, 284.000000, 0.000000, 15.799296, 11.821338, 84, 2.605634, 9.393974, 55

      33000, 0.05505, 0.05612,   16.39,   13.65,    100,    2.7266,    9.7131,        55,       1008,          3
Batch 2, 1000, 4.894915, 0.055048, 0.056119, 289.000000, 295.000000, 0.000000, 16.386441, 13.646403, 100, 2.671186, 9.621247, 55

      34000, 0.05543, 0.05536,   15.06,    9.76,     76,    2.4124,    9.1634,        55,       1008,          3
Batch 3, 1000, 4.883162, 0.055429, 0.055357, 291.000000, 291.000000, 0.000000, 15.061856, 9.763918, 76, 2.412371, 9.163367, 55

      35000, 0.05581, 0.05586,   18.46,   16.29,    111,    4.9249,   12.9871,        55,       1008,          3
Batch 4, 1000, 4.717687, 0.055810, 0.055857, 293.000000, 294.000000, 0.000000, 18.455782, 16.291178, 111, 4.908163, 12.968131, 55

      36000, 0.05486, 0.05502,   17.51,   13.78,     91,    4.1076,   11.9046,        55,       1008,          2
Batch 5, 1000, 5.010417, 0.054857, 0.055024, 288.000000, 288.000000, 0.000000, 17.513889, 13.782272, 91, 4.107639, 11.904624, 55

      37000, 0.06171, 0.06040,   18.60,   16.33,     99,    4.8117,   12.7249,        55,       1008,          7
Batch 6, 1000, 5.019048, 0.061714, 0.060405, 324.000000, 315.000000, 0.000000, 18.596825, 16.331147, 99, 4.949206, 12.879548, 55

      38000, 0.05029, 0.05179,   16.06,   11.63,     76,    3.3485,   10.8502,        55,       1008,          2
Batch 7, 1000, 4.945255, 0.050286, 0.051786, 264.000000, 274.000000, 0.000000, 16.062044, 11.626978, 76, 3.226277, 10.668150, 55

      39000, 0.04819, 0.04805,   13.60,    6.65,     75,    0.9289,    5.7971,        55,       1008,          1
Batch 8, 1000, 4.845850, 0.048190, 0.048048, 253.000000, 253.000000, 0.000000, 13.600791, 6.648988, 75, 0.928854, 5.797071, 55

      40000, 0.05219, 0.05055,   14.45,    8.69,     68,    2.0912,    8.3733,        55,       1008,          4
Batch 9, 1000, 4.750000, 0.052190, 0.050548, 274.000000, 264.000000, 0.000000, 14.446970, 8.692739, 68, 2.170455, 8.520905, 55


===============================================================================================================================================================

Program Started at:               Mon Oct 27 22:35:08 2025
Execution completed at:           Mon Oct 27 22:35:12 2025
On machine:                       pop-os
Simulation clock (cycles/us):     40000    256.000
Total execution time:             4 secs
Cycles per Second:                10000.000000

Random seed:                      13

Topology, uni(1)/bidir(2):        dragonfly(1) p:2, a:3, h:2 - relative connection rule
endpoints, switches(radix):       42         21 (6)
Random link failures:             0

Operation modes Inj-Req-Arb-Con:  shortest other rr multiple
Traf./Inj. queue len (pkt/ph):    4/32, 4/32, 1 injectors
VC management:                    graph-dummy, 2 VCs; 
VCs used:                         1

Routing in multistage network:    quickvaliant-fixed
Parallel injection:               YES
Dropping/Extracting packets:      NO       NO

Global congestion control:        gcc=100%, update_period=1
In-transit priority, bub. to ad:  0.000000, NO

Traffic pattern:                  uniform at load 0.05000, packets of 8 phits
Trigger rate, packets triggered:  0.00000     1
Warm Up Period Prov., Used:       5000 + 25000, 30000
Conv. sampling period, threshold: 1000, 0.050000
Sample count, size, min pkts:     10 x 1000, 0

Bimodal Injection statistics:
Short messages  Size   Inj.   Rcv.:      1       2532       2533
Long messages   Size   Inj.   Rcv.:      8         35         34
Long pkt prop.  Prov.  Occur.:                0.10000    0.09957
Long msg prop.  Calc.  Occur.:                0.01370    0.01363

Short msg pkts  Inj.   Rcv.:                    2532       2533
+>Delay  Avg.   StDev. Max.:     12.98776    4.27041         92
+>InjDel Avg.   StDev. Max.:      0.34544    3.02483         55

Long msg pkts   Inj.   Rcv.:                     280        273
+>Delay  Avg.   StDev. Max.:     44.98535   22.38467        111
+>InjDel Avg.   StDev. Max.:     27.58242   17.92636         55


===============================================================================================================================================================

  #,  BatchTime, AvDistance,    InjLoad,    AccLoad, PacketSent, PacketRcvd, PacketDrop,   AvgDelay, StDevDelay,   MaxDelay,  InjAvgDel, InjStDvDel,  InjMaxDel
  0,       1000,    4.78226,    0.04686,    0.04745,        246,        248,          0,      14.08,       9.23,         88,       1.20,       6.77,         55
  1,       1000,    4.92254,    0.05524,    0.05407,        290,        284,          0,      15.80,      11.82,         84,       2.61,       9.39,         55
  2,       1000,    4.89492,    0.05505,    0.05612,        289,        295,          0,      16.39,      13.65,        100,       2.67,       9.62,         55
  3,       1000,    4.88316,    0.05543,    0.05536,        291,        291,          0,      15.06,       9.76,         76,       2.41,       9.16,         55
  4,       1000,    4.71769,    0.05581,    0.05586,        293,        294,          0,      18.46,      16.29,        111,       4.91,      12.97,         55
  5,       1000,    5.01042,    0.05486,    0.05502,        288,        288,          0,      17.51,      13.78,         91,       4.11,      11.90,         55
  6,       1000,    5.01905,    0.06171,    0.06040,        324,        315,          0,      18.60,      16.33,         99,       4.95,      12.88,         55
  7,       1000,    4.94526,    0.05029,    0.05179,        264,        274,          0,      16.06,      11.63,         76,       3.23,      10.67,         55
  8,       1000,    4.84585,    0.04819,    0.04805,        253,        253,          0,      13.60,       6.65,         75,       0.93,       5.80,         55
  9,       1000,    4.75000,    0.05219,    0.05055,        274,        264,          0,      14.45,       8.69,         68,       2.17,       8.52,         55

AVG,    1000.00,    4.87711,    0.05356,    0.05347,     281.20,     280.60,       0.00,      16.00,      11.78,      86.80,       2.92,       9.77,      55.00
STD,       0.00,    0.10356,    0.00432,    0.00400,      22.69,      20.79,       0.00,       1.76,       3.25,      13.59,       1.39,       2.41,       0.00
